000000000000000111111001111111111111111111111111111111110000000000000000000000000000000000000000000000000000000000000011111111111110000000000000000000
000000000000000111111111100111111111111111111111111111111000000000000000000000000000000000000000000000000000000000111111111111111100000000000000000000
000000000000000111111111111110111111111111111111111111111000000000000000000000000000000000000000000000000000000111111111111111111100000000000000000000
000000000000000111111111111111110011111111111111111111111000000000000000000000000000000000000000000000000000111111111111111111111000000000000000000000
000000000000000111111111111111111110011111111111111111110000000000000000000000000000000000000000000000000111111111111111111111110000000000000000000000
000000000000000011111111111111111111110011111111111111111000000000000000000000000000000000000000000000111111111111111111111111110000000000000000000000
000000000000000011111111111111111111111110111111111111111000000000000000000000000000000000000000000111111111111111111111111111100000000000000000000000
000000000000000001111111111111111111111111110111111111111000100011111111111111111111110000000000011111111111111111111111111111000000000000000000000000
000000000000000000111111111111111111111111111110111111110011111111111111111111111111111111111001111111111111111111111111111100000000000000000000000000
000000000000000000011111111111111111111111111111101001111111111111111111111111111111111111111111111111111111111111111111110000000000000000000000000000
110110000000000000000111111111111111111111111111111111111111111111111111111111111111111111111111111111111111111111111111000000000000000000000000000000
011110000000000000000101111111111111111111111111111111111111111111111111111111111111111111111111111111111111111111111000000000000000000000000000000100
111111111000000000000000011111111111111111111111111111111111111111111111111111111111111111111111111111111111111111100000000000000000000000000011111111
111111111100100000000000100111111111111111111111111111111111111111111111111111111111111111111111111111111111111110000000000000000000000000011111111111
111111111110100000000000000001111111111111111111111111111111111111111111111111111111111111111111111111111111110000000000000000000000000001111111111111
111111111111110000000000000000001111111101111111111111111111111111111111111111111111111111111111111111111101000000000000000000000000000111111111111111
111111111111110000000000000000000011111011111111111111111111111111111111111111111111111111111111111111111110000000000000000000000000001111111111111111
111111111111111000000000000000000000011111111111111111111111111111111111111111111111111111111111111111111111000000000000000000000000011111111111111111
111111111111111111110100000000000000000111111111111111111111111111111111111111111111111111111110011111111111000000000000000000000000011111111111111111
111111111111111111111100100000000000000111111111111111111111111111111111111111111111111111111111000011111111100000000000000000000000011111111111111111
111111111111111111111111100000000000001111111111110001111111111111111111111111111111111111001111100001111111100000000000000000000011111111111111111111
111111111111111111111111100000000000001111111110001111101111111111111111111111111111111111000111000000111111110000000000000000001111111111111111111111
111111111111111111111111111000000000001111111100001111100111111111111111111111111111111111000000000000111111110000000000000000111111111111111111111111
111111111111111111111111111100000000011111111000000000000111111111111111111111111111111111000000000001111111111000000000000001111111111111111111111111
111111111111111111111111111110000000011111111000000000000111111111111111111111111111111111100000000011111111111100000000000011111111111111111111111111
111111111111111111111111111110000000011111111100000000001111111111111111111111111111111111111100111111111111111111111111110001111111111111111111111101
111111111111111111111111111110000011011111111110000000011111111111111111111111111111111111111111111111111111111111111111111111111111111111111110011111
111111111111111111111111111100000000111111111111111111111111111111111111000011111111111111111111111111111111111111100000000011011111101111100111111111
111111111111111111111111111010000000111111111111111111111111111111111111111111111111111111111111111111111111111000000000000000011111111001111111111111
111111111111111111111111110010000111111111111111111111111111111111111111111111111111111111111111111111111111000000000000000000001111111111111111111111
111111111111111111111111110000111111111111111111111111111111111111111111111111111111111111111111111111111110000000000000000000001111111111111111111111
111111111111111111111111100111111111111111111111111111111111111111111111110111111111111111111111111111111100000000000000000000010111111111111111111111
111111111111111111110111011110000000000011111111111111111111111111111111100001111111111111111111111111111110000000000000000000111111111110111111111111
111111111111111111011111110000000000000000011111111111111111111111111111000001111111111111111111111111111111000000000000000011111111111111111111111111
111111111111111111111111100000000000000000001111111111111111111111111111000000111111111111111111111111111111111111111111111101111111111110111111111111
111111111111111111111111100000000000000000001111111111111111111111111111000000011111111111111111111111111111111111111111111011111111111110111111111111
111111111111111111111111110000000000000000001111111111111111111111111111000000011111111111111111111111111111111111111111111111111111111111111111111111
111111111111111111111111100000000000000000011111111111111111111111111110000000011111111111111111111111111111111111111111111111111111111111111111111111
111111111111110111111111101100000000000001111111111111111111111111111110000000001111111111111111111111111111111111111111111111111111111101111111111111
111111111111111111111111111011111111111111111111111111111111111111111110000000001111111111111111111111111111111111111111111111111111111111111111111111
111111111111111111111111111110111111111111111111111111111111111111111110000000001111111111111111111111111111111111101111111111111111111011111111111111
111111111111110111111111111111111111111111111111111111111111111111111111000000001111111111111111111111111111111110111111111111111111111111111111111111
111111111111111111111111111111111111111111111111111111111111111111111111000000001111111111111111111111111111111011111111111111111111110111111101111111
111111111111111111111111111111111110111111111111111111111111111111111111000000001111111111111111111111111111001111111111111111111111100111111111110111
111111111111111111111111111111111111101111111111111111111111111111111111000000001111111111111111111111111101111111111111111111111111111111111111111111
111111111111111111111111111111111111111101111111111111111111111111111111100000001111111111111111111111110110111111111111111111111111111111111111111011
111111111111111110111111111111111111111111001111111111111111111111111111100000001111111111111111111111111111111111111111111111111110111111111011110111
111111111111111111011111111111111111111111111001111111111111111111111111110000011111111111111111111111111111111111111111111111111101111111111110001111
111111111111111111101111111111111111111111111111001111111111111111111111111000111111111111111111111111111111111111111111111111111011111100111111111111
111111111111111111111111111111111111111111111111111111111111111111111111111101111111111111111111111111111111111111111111111111110101111011111111111111
111111111111111111111111111111111111111111111111111111111111111111111111111111111111111111111111111111111111111111111111111111101111111111111111111111
111111111111111111111110111111111111111111111111111111111111111111111111111111111111111111111111111111111111111111111111111110011111111101111111111111
111111111111111111111111111111111111111111111111111111111111111111111111111111111111111111111111111111111111111111111111111101111111111110111111111111
111111111111111111111111110111111111111111111111111111111111111111111111111111111111111111111111111111111111111111111111111001111111111111111111111111
111111111111111111111111111111111111111111111111111111111111111111111111111111111111111111111111111111111111111111111111111101111111111111011111111111
111111111111111111111111111110111111111111111111111111111111111111111111111111111111111111111111111111111111111111111101011110101111101111111111111111
111111111111111111111111111111101111111111111111111111111111111111111111111111111111111111111111111111111111111111111110111111000111011111101111111111
111111111111111111111111111111111011111101111111111111111111111111111111111111111111111111111111111111111111111111111110111111101111010111110111111111
111111111111111111111111111111111110111111111111111111111111111111111111111111111111111111111111111111111111111111111111111111110111111111111111111111
111111111111111111111111111111111111101011111111111111111111111111111111111111111111111111111111111111111111111111111111011111111001110010101011111111
111111111111111111111111111111111111111011111111111111111111111111111111111111111111111111111111111111111111111111111111111111111101011001010101111111
111111111111111111111111111111111111111111111111111111111111111111111111111111111111111111111111111111111111111111111111111111111110011000111011111111
111111111111111111111111111111111111111111111111111111111111111111111111111111111111111111111111111111111111111111111111101111111100000101001000111111
