000000000000000000111111111111111111111111111111111111100000000000000000000000000000000000000000000000000000000000000000000000111111111111100000000000
000000000000000000111111111111111111111111111111111111110000000000000000000000000000000000000000000000000000000000000000011111111111111111000000000000
000000000000000000111111111111111111111111111111111111110000000000000000000000000000000000000000000000000000000000000111111111111111111110000000000000
000000000000000000111111111111111111111111111111111111110000000000000000000000000000000000000000000000000000000001111111111111111111111110000000000000
000000000000000000011111111111111111111111111111111111100000000000000000000000000000000000000000000000000000011111111111111111111111111100000000000000
000000000000000000011111111111111111111111111111111111110000000000000000000000000000000000000000000000000011111111111111111111111111110000000000000000
000000000000000000011111111111111111111111111111111111110000000000000000000000000000000000000000000000011111111111111111111111111111000000000000000000
000000000000000000001111111111111111111111111111111111110000000000000000000000001000000000000000000011111111111111111111111111111000000000000000000000
000000000000000000000111111111111111111111111111111111111000000001000011111111111111111111111000011111111111111111111111111111100000000000000000000000
000111111111111111111111111100001111111111111111111111111000011111111111111111111111111111111111111111111111111111111111111100000000000000000000000000
000011111111111111111111111111111111111110001111111111011111111111111111111111111111111111111111111111111111111111111111100000000000000000000000000000
000011111111111111111111111111111111111111111111100111111111111111111111111111111111111111111111111111111111111110011110000000000000000000000000001111
000000111111111111111111111111111111111111111111111111111111111111111111111111111111111111111111111111111111111111111100000000000000000000000111111111
000000011111111111111111111111111111111111111111111111111111111111111111111111111111111111111111111100000000111111111111111000000000000000111111111111
111100000111111111111111111111111111111111111111111111111111111111111111111111111111111111111111110111111111110000001111111111100000000011111111111111
111111111001111111111111111111111011111111111111111111111111111111111111111111111111111111111111111110001111110000000000011111111100100111111111111111
111111111111110001111111111111011111111111111111111111111111111111111111111111111111111111111111111111111000000000000000000001111111110111111111111111
111111111111111001101000010011111111111110011101111111111111111111111111111111111111111111111111111111111111111000000000000000111111111110111111111111
111111111111111111111110011111111111100111110011111111111111111111111111111111111111111111111111111111111111111111111111111111111111111111110111111111
111111111111111111110011111111111100111111001111111111111111111111111111111111111111111111111111111111111111111111111111111111111111111111111110111111
111111111111111110011111111111000001110000111111111111111111111111111111000001111111111111111111111111111111111111111111111111111111111111111111110111
111111111111110011111111111100000000000111111111111111111111111111111111111110000001111111111111111111111111111111111111111111111111111111111111111111
111111111111011111111111100000000000111111111111111111111111111111100000000000000000001111111111111111111111111111111111111111111111111111111011111111
111111111011111111111111000000000111111111111111111111111111111110000000000000000000000011111111111111111111111111111111111111111111111111111111111111
111111011111111111111100000000111111111111111111111111111111111100000000000000000000000001111111111111111111111111111111111111111111111111111111111111
111101111111111111111110011111111111111111111111111111111111111110000000000000000000000011111000111111111111111111111111111111111111111100111111111111
101111111111111111111111111111111111111111111111111111111111111011100000000000000011111111111111111111111100000011111111111111110001111111111111110000
111111111111111111111111111111111111111111111111111111111110111111111111111000111111111111111111111111111111111111111111111111111111111111111000000000
111111111111111111111111111111111111111111111111111111101111111111111111111111111111111111111111111111111111111111111111111111111111111111000000000000
111111111111111111111111111111111111111111111111110011111111111111111111111111111111111111111111111111111111111111111111111111111111111000000000000000
111111101111111111111111111111111111111111111011111111111111111111111111111111111111111111111111111111111111111111111111111111111111100000000000000000
011111110111111111111111111111111111111101111111111111111111111111111111111111111111111111111111111111111111111111111111111111111110000000000000000000
000000011101111111111111111111111001111111111111111111111111111111111111111111111111111111111111111111111111111111111111111111111100000000000000000001
000000000001110000000000011111111111111111111111111111111111111111111111111111111111111111111111111111111111111111111111111111110000000000000000001011
000000000000001111111111111111111111111111111111111111111111111111111111111111111111111111111111111111111111111111111111111111100000000000000000111111
100000000000000001111111111111111111111111111111111111111111111111111111111111111111111111111111111111111111111111111111111111100000000000000111011111
110000000000000000001111111111111111111111111111111111111111111111111111111111111111111111111111111111111111111111111111111111100000000000111111111111
111110000000000000000011111111111111111111111111111111111111111111111111111111111111111111111111111111111111111111111111111111110000001111111011111111
111111100000000000000000111111111111111111111111111111111111111111111111111111111111111111111111111111111111111111111111111111111111111111101111111111
111111111000000000000000001111111111111111111111111111111111111111111111111111111111111111111111111111111111111111111111111111111111111110111111111111
111111111111000000000000000111111111111111111111111111111111111111111111111111111111111111111111111111111111111111111111111111111111111011111111111111
111111111111111000000000000111111111111111111111111111111111111111111111111111111111111111111111111111111111111111111111111111111111101111111111111111
111111111111111110111100001111111111111111111111111111111111111111111111111111111111111111111111111111111111111111111111111111111110111111111111111111
111111111111111111110111111111111111111111111111111111111111111111111111111111111111111111111111111111111111111111111111111111111011111111111111110111
011111111111111111111110111111111111111111111111111111111111111111111111111111111111111111111111111111111111111111111111111111100111111111111111101111
111111111111111111111111110111111111111111111111111111111111111111111111111111111111111111111111111111111111111111111111111110111111111111111110111111
111011111111111111111111111110111111111111111111111111111111111111111111111111111111111111111111111111111111111111111111111011111111111111111101111111
111110111111111111111111111111110011111111111111111111111111111111111111111111111111111111111111111111111111111111111111101111111111111111111011110011
111111101111111111111111111111111100011111111111111111111111111111111111111111111111111111111111111111111111111111111000111111111111111111101111111001
111111111011111111111111111111111111111010111111111111111111111111111111111111111111111111111111111111111111111111110111111111111111111111011111011111
111111111111111111111111111111111111111111001111111111111111111111111111111111111111111111111111111111111111111111111111111111111111111101111110001111
111111111111110111111111111111111111111111111111111111111111111110111111111111111111111111111111111111111111111111111111111111111111111001111111111111
111111111111111101111111111111111111111111111111111111111111111111111111111111111111111111111111111111111111111111111111111111111111101100111111111111
111111111111111111111111111111111111111111111111111111111111111111111111111111111111111111111111111111111101111111111111111111111111011111011111111111
111111111111111111111011111111111111111111111111111111111111111111111111111111111111111111111111111111111111111111111111111111111101111111111111111111
111111111111111111111110011111111111111111111111111111111111111111111111111111111111111111111111111111111111111111111111111111110111111111111111111111
111111111111111111111111110111111111111111111111111111111111111111111111111111111111111111111010111111111111111111111111111110011111011111110111111111
111111111111111111111111111110111111111111111111111111111111111111111111111111111111111111111111111111111111111111111111111111111111111111110011111111
111111111111111111111111111111110111111111111111111111111111111111111111111111111111111111111111111111111111111111111111111111111011111011011101111111
111111111111111111111111111111110111111111111111111111111111111111111111111111111111111111111111111111111111111111111111111111111101101011111101111111
111111111111111111111111111111111111111111111111111111111111111111111111111111111111111111111111111111111111111111111111111111111110111111111110111111
111111111111111111111111111111101111111111111111111111111111111111111111111111111111111111111111111111111111111111111111111111101111010110110011011111
100000000000000000000000000000000000000000000000000000000000000000000000000000000000000000000000000000000000000000000000000000000000000000000000000000