000000000000000000111111111111111111111111111111111111100000000000000000000000000000000000000000000000000000000000000000000011111111111111000000000000
000000000000000000111111111111111111111111111111111111110000000000000000000000000000000000000000000000000000000000000000111111111111111110000000000000
000000000000000000111111111111111111111111111111111111111000000000000000000000000000000000000000000000000000000000001111111111111111111110000000000000
000000000000000000111111111111111111111111111111111111110000000000000000000000000000000000000000000000000000000011111111111111111111111100000000000000
000000000000000000011111111111111111111111111111111111110000000000000000000000000000000000000000000000000000111111111111111111111111111000000000000000
000000000000000000011111111111111111111111111111111111110000000000000000000000000000000000000000000000000111111111111111111111111111110000000000000000
000000000000000000001111111111111111111111111111111111111000000000000000000000000000000000000000000000111111111111111111111111111110000000000000000000
000000000000000000001111111111111111111111111111111111111000000000000000100000000000000000000000000111111111111111111111111111111000000000000000000000
000011111111111111111000001111111111111111111111111111111000000000001111111111111111111111111111001111111111111111111111111111000000000000000000000000
000011111111111111111111111111111111000111111111111111111000111111111111111111111111111111111111111111111111111111111111111100000000000000000000000000
000001111111111111111111111111111111111111111100011110111111111111111111111111111111111111111111111111111111111111111111100000000000000000000000000000
000000111111111111111111111111111111111111111111111111111111111111111111111111111111111111111111111111111111111110010100000000000000000000000000000111
000000011111111111111111111111111111111111111111111111111111111111111111111111111111111111111111111111111111111111111000000000000000000000001111111111
110000000111111111111111111111111111111111111111111111111111111111111111111111111111111111111111111100000000011111111111110000000000000000111111111111
111111100001111111111111111111111111111111111111111111111111111111111111111111111111111111111111111111111111111000001111111111000000000011111111111111
111111111111001111111111111111111101111111111111111111111111111111111111111111111111111111111111111110000111111000000000011111111000000111111111111111
111111111111110010000111111111001111111111111111111111111111111111111111111111111111111111111111111111110000000000000000000001111111101111111111111111
111111111111111111100001000001111111111110011111111111111111111111111111111111111111111111111111111111111111110000000000000000111111111101111111111111
111111111111111110110000001111111111100111111001111111111111111111111111111111111111111111111111111111111111111111111111111111111111111111101111111111
111111111111111111111011111111111100011111000111111111111111111111111111111111111111111111111111111111111111111111111111111111111111111111111101111111
111111111111111111101111111111100000011000111111111111111111111111111111100000111111111111111111111111111111111111111111111111111111111111111111101111
111111111111111101111111111110000000000011111111111111111111111111111111111111111111111111111111111111111111111111111111111111111111111111111111111101
111111111111101111111111111000000000011111111111111111111111111111111111111111111111111111111111111111111111111111111111111111111111111111111111111111
111111111101111111111111100000000011111111111111111111111111111111111111111000111111111111111111111111111111111111111111111111111111111111111111111111
111111110111111111111111000000011111111111111111111111111111111111111111000000000000001111111111111111111111111111111111111111111111111111101111111111
111110111111111111111111000111111111111111111111111111111111111111110000000000000000000111110001111111111111111111111111111111111111111101111111111111
111011111111111111111111111111111111111111111111111111111111111100000000000000000000000111111111111111110000001111111111111111100000111111111111100000
101111111111111111111111111111111111111111111111111111111111011111000000000000000000001111111111111111111111111111111111111111111111111111110000000000
111111111111111111111111111111111111111111111111111111110111111111100000000000000000011111111111111111111111111111111111111111111111111110000000000000
111111111111111111111111111111111111111111111111111011111111111111111000000000000001111111111111111111111111111111111111111111111111110000000000000000
111111111111111111111111111111111111111111111101111111111111111111111111111111111111111111111111111111111111111111111111111111111111000000000000000000
000011111111111111111111111111111111111100111111111111111111111111111111111111111111111111111111111111111111111111111111111111111100000000000000000000
000000000111011111111111111111111001111111111111111111111111111111111111111111111111111111111111111111111111111111111111111111111000000000000000000001
000000000000011100000000001111111111111111111111111111111111111111111111111111111111111111111111111111111111111111111111111111110000000000000000001111
000000000000000011111111111111111111111111111111111111111111111111111111111111111111111111111111111111111111111111111111111111100000000000000000101111
110000000000000000011111111111111111111111111111111111111111111111111111111111111111111111111111111111111111111111111111111111100000000000000111111111
111100000000000000000111111111111111111111111111111111111111111111111111111111111111111111111111111111111111111111111111111111100000000000111101111111
111111100000000000000001111111111111111111111111111111111111111111111111111111111111111111111111111111111111111111111111111111111100111111110111111111
111111111000000000000000011111111111111111111111111111111111111111111111111111111111111111111111111111111111111111111111111111111111111111011111111111
111111111110000000000000000111111111111111111111111111111111111111111111111111111111111111111111111111111111111111111111111111111111111101111111111111
111111111111110000000000000011111111111111111111111111111111111111111111111111111111111111111111111111111111111111111111111111111111110111111111111111
111111111111111101000000000011111111111111111111111111111111111111111111111111111111111111111111111111111111111111111111111111111110001111111111111101
111111111111111111101111111111111111111111111111111111111111111111111111111111111111111111111111111111111111111111111111111111111110111111111111111011
011111111111111111111011111111111111111111111111111111111111111111111111111111111111111111111111111111111111111111111111111111110011111111111111110111
101111111111111111111111011111111111111111111111111111111111111111111111111111111111111111111111111111111111111111111111111111001111111111111111101110
111011111111111111111111111011111111111111111111111111111111111111111111111111111111111111111111111111111111111111111111111100111111111111111110111110
111110111111111111111111111111011111111111111111111111111111111111111111111111111111111111111111111111111111111111111111110011111111111111111101111111
111111111111111111111111111111111001111111111111111111111111111111111111111111111111111111111111111111111111111111111111011111111111111111111100011111
111111111111111111111111111111111111100111111111111111111111111111111111111111111111111111111111111111111111111111111001111111111111111111101111111111
111111111111111111111111111111111111111110011111111111111111111111111111111111111111111111111111111111111111111111100111111111111111111111011111101100
111111111111111111111111111111111111111111111111111111111111111111111111111111111111111111111111111111111111111111111111111111111111111100100011111111
111111111111111011111111111111111111111111111111111111111111111111111111111111111111111111111111111111111111111111111111111111111111111010111111111111
111111111111111110111111111111111111111111111111111111111111111111111111111111111111111111111111111111111111111111111111111111111111101111111111111111
111111111111111111111111111111111111111111111111111111111111111111111111111111111111111111111111111111111111111111111111111111111110110111011111111111
111111111111111111111101111111111111111111111111111111111111111111110111111111111111111111111111111111111111111111111111111101111001111110101111111111
111111111111111111111111101111111111111111111111111111111111111111111111110111111111111111010111111111111111111111111111111110010011101110111111111111
111111111111111111111111111011111111111111111111111111111111111111111111111111111111110110111111111111111111111111111111111110000010111101111111111111
111111111111111111111111111111011011111111111111111111111111111111111111111111111111111011111111111111111111111111111111111111110010011111111011111111
111111111111111111111111111111111111111111111111111111111111111111111111111111111111111111111111111111111111111111111111111111011001111111001101111111
111111111111111111111111111111111111111111111111111111111111111111111111111111111111111111111111111111111111111111111111111111111101110101001001111111
111111111111111111111111111111110111111111111111111111111111111111111111111111111111111111111111111111111111111111111111111111101110001100100101111111
111111111111111111111111111111111111111111111111111111111111111111111111111111111111111111111111111111111111111111111111111111101111101101001000011111
