000000000000000000111111111111111111111111111111111111100000000000000000000000000000000000000000000000000000000000000000000000111111111111100000000000
000000000000000000111111111111111111111111111111111111110000000000000000000000000000000000000000000000000000000000000000011111111111111111000000000000
000000000000000000111111111111111111111111111111111111110000000000000000000000000000000000000000000000000000000000000111111111111111111110000000000000
000000000000000000111111111111111111111111111111111111110000000000000000000000000000000000000000000000000000000001111111111111111111111110000000000000
000000000000000000011111111111111111111111111111111111100000000000000000000000000000000000000000000000000000011111111111111111111111111100000000000000
000000000000000000011111111111111111111111111111111111110000000000000000000000000000000000000000000000000011111111111111111111111111110000000000000000
000000000000000000011111111111111111111111111111111111110000000000000000000000000000000000000000000000011111111111111111111111111111000000000000000000
000000000000000000001111111111111111111111111111111111110000000000000000000000000000000000000000000011111111111111111111111111111000000000000000000000
000000000000000000000111111111111111111111111111111111111000000000000001111111111111111111110000001111111111111111111111111111100000000000000000000000
000111111111111111111111110000011111111111111111111111111000001111111111111111111111111111111111111111111111111111111111111100000000000000000000000000
000011111111111111111111111111111111111000011111111111001111111111111111111111111111111111111111111111111111111111111111110000000000000000000000000000
000011111111111111111111111111111111111111111111100111111111111111111111111111111111111111111111111111111111111100011110000000000000000000000000000101
000000111111111111111111111111111111111111111111111111111111111111111111111111111111111111111111111111111111111111111000000000000000000000000111111111
000000011111111111111111111111111111111111111111111111111111111111111111111111111111111111111111111111100011111111111111110000000000000000111111111111
111000000111111111111111111111111111111111111111111111111111111111111111111111111111111111111111111111111111110000011111111111000000000111111111111111
111111110001111111111111111111111101111111111111111111111111111111111111111111111111111111111111111100011111111000000000111111111100000111111111111111
111111111111100011111111111111011111111111111111111111111111111111111111111111111111111111111111111111110000000000000000000011111111101111111111111111
111111111111111100100000111011111111111110011101111111111111111111111111111111111111111111111111111111111111110000000000000000111111111101111111111111
111111111111111111111100011111111111110111111011111111111111111111111111111111111111111111111111111111111111111111111111111011111111111111110111111111
111111111111111111111011111111111100011111001111111111111111111111111111111111111111111111111111111111111111111111111111111111111111111111111110111111
111111111111111111011111111111100001111000111111111111111111111111111111000000111111111111111111111111111111111111111111111111111111111111111111111111
111111111111111011111111111100000000000111111111111111111111111111111111111111111111111111111111111111111111111111111111111111111111111111111111111101
111111111111011111111111110000000000111111111111111111111111111111111111111111111111111111111111111111111111111111111111111111111111111111111011111111
111111111101111111111111000000000111111111111111111111111111111111111111111000111111111111111111111111111111111111111111111111111111111111111011111111
111111101111111111111110000000111111111111111111111111111111111111111110000000000000011111111111111111111111111111111111111111111111111111110111111111
111101111111111111111100001111111111111111111111111111111111111111110000000000000000010001100011111111111111111111111111111111111111111110111111111111
110111111111111111111111111111111111111111111111111111111111111100000000000000000000000011111111111111100000111111111111111111111100001111111111111000
111111111111111111111111111111111111111111111111111111111111011110000000000000000000000111111111111111111111111111111111111111111111111111111100000000
111111111111111111111111111111111111111111111111111111110111111111100000000000000000111111111111111111111111111111111111111111111111111111100000000000
111111111111111111111111111111111111111111111111111001111111111111111111111111111111111111111111111111111111111111111111111111111111111100000000000000
111111101111111111111111111111111111111111111100111111111111111111111111111111111111111111111111111111111111111111111111111111111111100000000000000000
111111111111111111111111111111111111111110011111111111111111111111111111111111111111111111111111111111111111111111111111111111111110000000000000000000
000000111011111111111111111111111100011111111111111111111111111111111111111111111111111111111111111111111111111111111111111111111100000000000000000000
000000000011000111111111100001111111111111111111111111111111111111111111111111111111111111111111111111111111111111111111111111110000000000000000000111
000000000000011111111111111111111111111111111111111111111111111111111111111111111111111111111111111111111111111111111111111111110000000000000000110111
000000000000000011111111111111111111111111111111111111111111111111111111111111111111111111111111111111111111111111111111111111100000000000000011111111
110000000000000000011111111111111111111111111111111111111111111111111111111111111111111111111111111111111111111111111111111111100000000000011110111111
111100000000000000000111111111111111111111111111111111111111111111111111111111111111111111111111111111111111111111111111111111110000000111111011111111
111111000000000000000001111111111111111111111111111111111111111111111111111111111111111111111111111111111111111111111111111111111111111111101111111111
111111111000000000000000011111111111111111111111111111111111111111111111111111111111111111111111111111111111111111111111111111111111111111111111111111
111111111110000000000000001111111111111111111111111111111111111111111111111111111111111111111111111111111111111111111111111111111111111101111111111111
111111111111110000000000000111111111111111111111111111111111111111111111111111111111111111111111111111111111111111111111111111111111110111111111111110
111111111111111101100000000111111111111111111111111111111111111111111111111111111111111111111111111111111111111111111111111111111111011111111111111111
111111111111111111101111111111111111111111111111111111111111111111111111111111111111111111111111111111111111111111111111111111111101111111111111111111
111111111111111111111101111111111111111111111111111111111111111111111111111111111111111111111111111111111111111111111111111111110111111111111111101111
101111111111111111111111101111111111111111111111111111111111111111111111111111111111111111111111111111111111111111111111111111011111111111111111011111
111111111111111111111111111101111111111111111111111111111111111111111111111111111111111111111111111111111111111111111111111101111111111111111111110111
111111111111111111111111111111101111111111111111111111111111111111111111111111111111111111111111111111111111111111111111100111111111111111111011111111
111111011111111111111111111111111100111111111111111111111111111111111111111111111111111111111111111111111111111111111110011111111111111111111111110110
111111110111111111111111111111111111100111111111111111111111111111111111111111111111111111111111111111111111111111111011111111111111111111011111111111
111111111111111111111111111111111111111110011111111111111111111111111111111111111111111111111111111111111111111111111111111111111111111110111111110001
111111111111101111111111111111111111111111111111111111111111111111111111111111111111111111111111111111111111111111111111111111111111111010001111111111
111111111111111011111111111111111111111111111111111111111111111111111111111111111111111111111111111111111111111111111111111111111111110110111111111111
111111111111111111111111111111111111111111111111111111111111111111111111111111111111111111111111111111111111111111111111111111111111011111111111111111
111111111111111111110111111111111111111111111111111111111111111111111111111111111111111111111111111111111111111111111111111111111100111111011111111111
111111111111111111111101111111111111111111111111111111111111111111111111111111111111111111111111111111111111111111111111111111101011111110101111111111
111111111111111111111111101111111111111111111111111111111111111111111111111111111111111111111111111111111111111111111111111110101011111111110111111111
111111111111111111111111111001111111111111111111111111111111111111111111111111111111111111111111111111111111111111111111111110101111111111111111111111
111111111111111111111111111111000111111111111111111111111111111111111111111111111111111111111111111111111111111111111111111111110110101111111011111111
111111111111111111111111111111110111111111111111111111111111111111111111111111111111111111111111111111111111111111111111111111111011101111111101111111
111111111111111111111111111111111111111111111111111111111111111111111111111111111111111111111111111111111111111111111111111111111101101101111100111111
111111111111111111111111111111111111111111111111111111111111111111111111111111111111111111111111111111111111111111111111111111111111001111101011111111
111111111111111111111111111111101111111111111111111111111111111111111111111111111111111111111111111111111111111111111111111111111111101111001111011111
