hosi =[111111111111111111111111111111111111000111111111111111111111111111111111111,
111111111111111111111111111111111111000111111111111111111111111111111111111,
111111111111111111111111111111111110000011111111111111111111111111111111111,
111111111111111111111111111111111100000001111111111111111111111111111111111,
111111111111111111111111111111111100000001111111111111111111111111111111111,
111111111111111111111111111111111000000000111111111111111111111111111111111,
111111111111111111111111111111110000000000011111111111111111111111111111111,
111111111111111111111111111111110000000000011111111111111111111111111111111,
111111111111111111111111111111100000000000001111111111111111111111111111111,
111111111111111111111111111111100000000000001111111111111111111111111111111,
111111111111111111111111111111000000000000000111111111111111111111111111111,
111111111111111111111111111110000000000000000011111111111111111111111111111,
111111111111111111111111111110000000000000000011111111111111111111111111111,
111111111111111111111111111100000000000000000001111111111111111111111111111,
111111111111111111111111111000000000000000000000111111111111111111111111111,
100000000000000000000000000000000000000000000000000000000000000000000000000,
100000000000000000000000000000000000000000000000000000000000000000000000001,
111100000000000000000000000000000000000000000000000000000000000000000001111,
111111000000000000000000000000000000000000000000000000000000000000000111111,
111111111000000000000000000000000000000000000000000000000000000000111111111,
111111111110000000000000000000000000000000000000000000000000000011111111111,
111111111111110000000000000000000000000000000000000000000000011111111111111,
111111111111111100000000000000000000000000000000000000000001111111111111111,
111111111111111111100000000000000000000000000000000000001111111111111111111,
111111111111111111111000000000000000000000000000000000111111111111111111111,
111111111111111111111000000000000000000000000000000000111111111111111111111,
111111111111111111110000000000000000000000000000000000011111111111111111111,
111111111111111111110000000000000000000000000000000000011111111111111111111,
111111111111111111100000000000000000000000000000000000001111111111111111111,
111111111111111111000000000000000000000000000000000000000111111111111111111,
111111111111111111000000000000000000000000000000000000000111111111111111111,
111111111111111110000000000000000000010000000000000000000011111111111111111,
111111111111111110000000000000000011111110000000000000000011111111111111111,
111111111111111100000000000000001111111111100000000000000001111111111111111,
111111111111111100000000000001111111111111111100000000000001111111111111111,
111111111111111000000000001111111111111111111111100000000000111111111111111,
111111111111111000000000111111111111111111111111111000000000111111111111111,
111111111111110000000111111111111111111111111111111111000000011111111111111,
111111111111100000011111111111111111111111111111111111110000001111111111111,
111111111111100011111111111111111111111111111111111111111110001111111111111
]