000000000000000000001111111111110111111111111111111111110000000000000000000000000000000000000000000000000001111111111111110000000000000000000000000000
000000000000000000001111111111111111111111111111111111110000000000000000000000000000000000000000000000000111111111111111110000000000000000000000000000
000000000000000000001111111111111111101111111111111111111000000000000000000000000000000000000000000000011111111111111111110000000000000000000000000000
000000000000000000001111111111111111111011111111111111111000000000000000000000000000000000000000000001111111111111111111110000000000000000000000000000
000000000000000000000111111111111111111110111111111111110000000000000000000000000000000000000000000011111111111111111111100000000000000000000000000000
000000000000000000010111111111111111111111101111111111110000000000000000000000000000000000000000001111111111111111111111000000000000000000000000000000
000000000000000000001011111111111111111111111011111111111000000000000000000000000000000000000000011111111111111111111110000000000000000000000000000000
000000000000000000001101111111111111111111111111111111111000001111111111111111111111111110000001111111111111111111111000000000000000000000000000000000
000000000000000000000111111111111111111111111111111111101111111111111111111111111111111111111111111111111111111111110000000000000000000000000000000000
000000000000000000000011101111111111111111111111110011111111111111111111111111111111111111111111111111111111111111100000000000000000000000000000000000
110110100000000000000000111111111111111111111111111111111111111111111111111111111111111111111111111111111111111111000000000000000000000000000000000000
011110000000000000000000000001111111111111111111111111111111111111111111111111111111111111111111111111111111111100000000000000000000000000000000000000
111111111000000000000000000000011111111111111111111111111111111111111111111111111111111111111111111111111111110000000000000000000000000000000011111111
111111111100000000000000000000000111111111111111111111111111111111111111111111111111111111111111111111110111100000000000000000000000000000011111111111
111111111110100000000000000000000011111111111111111111111111111111111111111111111111111111111111111111111010000000000000000000000000000001111111111111
111111111111010000000000000000000010111101111111111111111111111111111111111111111111111111111111111111111100000000000000000000000000000111111111111111
111111111111110000000000000000000000101011111111111111111111111111111111111111111111111111111111111111111110000000000000000000000000011111111111111111
111111111111111000000000000000000000001011111111111111111111111111111111111111111111111111111111111111111110000000000000000000000000111111111111111111
111111111111111111110000000000000000000111111111111111111111111111111111111111111111111111111000001111111111000000000000000000000000011111111111111111
111111111111111111110000100000000000000111111111111111111111111111111111111111111111111111111111000011111111000000000000000000000000011111111111111111
111111111111111111111111000000000000000111111111100110011111111111111111111111111111111111011111000001111111100000000000000000000111111111111111111111
111111111111111111111111100000000000001111111110001111101111111111111111111111111111111110000100000000111111100000000000000000001111111111111111111111
111111111111111111111111101000000000001111111100001111100111111111111111111111111111111110000000000001111111110000000000000000011111111111111111111111
111111111111111111111111111100000000001111111000000000000011111111111111111111111111111111000000000001111111110000000000000001111111111111111111111111
111111111111111111111111111000000000001111111000000000000111111111111111111111111111111111100000000111111111111100000000000011111111111111111111111111
111111111111111111111111111110000000111111111100000000000111111111111111111111111111111111111111111111111111111111000000001111111111111111111111110111
111111111111111111111111111000000000011111111111000000011111111111111111111111111111111111111111111111111111111111111100001011111111111111111101111111
111111111111111111111111111000000000011111111111111111111111111111111111000011111111111111111111111111111111111000000111110000111111111111011111111111
111111111111111111111111110110000000011111111111111111111111111111111111111111111111111111111111111111111110000000000000001111110111110111111111111111
111111111111111111111111111100001001111111111111111111111111111111111111111111111111111111111111111111111000000000000000000011111101111111111111111111
111111111111111111111111110000001111111111111111111111111111111111111111111111111111111111111111111111110000000000000000000011111111111111111111111111
111111111111111111111110000000111100000001111111111111111111111111111111111111111111111111111111111111110000000000000000000011111111111111111111111111
111111111111111111111111001011000000000000001111111111111111111111111111100011111111111111111111111111111000000000000000000001111111101111111111111111
111111111111111111111101111100000000000000000111111111111111111111111111100001111111111111111111111111111100000000000000000011111111111111111111111111
111111111111111111111111111100000000000000000011111111111111111111111111000000111111111111111111111111111111000000000000010111111111110111111111111111
111111111111111111111111111100000000000000000111111111111111111111111111000000111111111111111111111111111111111111111111111111111111111111111111111111
111111111111111111111111111100000000000000000111111111111111111111111111000000111111111111111111111111111111111111111111111111111111111111111111111111
111111111111111111111111111100000000000000001111111111111111111111111111000000011111111111111111111111111111111111111101111111111111110111111111111111
111111111111111110111111111000000000000000111111111111111111111111111111000000011111111111111111111111111111111111111111111111111111110111111111111111
111111111111111111111111111110111111111111111111111111111111111111111111000000011111111111111111111111111111111111100111111111111111111111111111111111
111111111111111111111111111111101111111111111111111111111111111111111111000000011111111111111111111111111111111111111111111111111111111111111111111111
111111111111111111111111111111111011111111111111111111111111111111111111000000011111111111111111111111111111111100111111111111111111100111111111111111
111111111111111110111111111111111110111111111111111111111111111111111111000000011111111111111111111111111111110011111111111111111111111110011111111111
111111111111111111111111111111111111101111111111111111111111111111111111000000011111111111111111111111111111001111111111111111111111011111111111111111
111111111111111111011111111111111111111101111111111111111111111111111111100000011111111111111111111111111101011111111111111111111110111111110111011110
111111111111111111111111111111111111111111011111111111111111111111111111100000011111111111111111111111100101111111111111111111111111111110111111111110
111111111111111111101111111111111111111111111011111111111111111111111111110000011111111111111111111110110111111111111111111111111101111111111111111110
111111111111111111110111111111111111111111111111011111111111111111111111110000011111111111111111111011111111111111111111111111111111111111111000011111
111111111111111111111011111111111111111111111111100011111111111111111111111000111111111111111111111111111111111111111111111111110011111001111111111111
111111111111111111111101111111111111111111111111111111111111111111111111111111111111111111111111111111111111111111111111111111101111110111111111111111
111111111111111111111110111111111111111111111111111111111111111111111111111111111111111111111111111111111111111111111111111111111111111011111111111111
111111111111111111111111011111111111111111111111111111111111111111111111111111111111111111111111111111111111111111111111111100111011111111111111111111
111111111111111111111111111111111111111111111111111111111111111111111111111111111111111111111111111111111111111111111111111011111111101101111111111111
111111111111111111111111111011111111111111111111111111111111111111111111111111111111111111111111111111111111111111111111110111111111111110111111111111
111111111111111111111111111111111111111111111111111111111111111111111111111111101111111111111111111111111111111111111111111011111111111111011111111111
111111111111111111111111111111011111111111111111111111111111111111111111111111111111111111111111111111111111111111111010111100111111111110011111111111
111111111111111111111111111111110111111111111111111111111111111111111111111111111111111111111111111111111111111111111001111110111111101111101111111111
111111111111111111111111111111111101111111111111111111111111111111111111111111111111111111111111111111111111111111111111111111111101101111110111111111
111111111111111111111111111111111111011101111111111111111111111111111111111111111111111111111111111111111111111111111111111111110111111111111111111111
111111111111111111111111111111111111110101111111111111111111111111111111111111111111111111111111111111111111111111111111111111111001001000000011111111
111111111111111111111111111111111111111101111111111111111111111111111111111111111111111111111111111111111111111111111110111111111101100100011001111111
111111111111111111111111111111111111111111111111111111111111111111111111111111111111111111111111111111111111111111111111111111111110000000100011111111
111111111111111111111111111111111111111111111111111111111111111111111111111111111111111111111111111111111111111111111111011111110001000000000100111111
