000000000000000000111111111111111111111111111111111111100000000000000000000000000000000000000000000000000000000000000000000000011111111111000000000001
000000000000000000111111111111111111111111111111111111110000000000000000000000000000000000000000000000000000000000000000001111111111111111000000000001
000000000000000000111111111111111111111111111111111111110000000000000000000000000000000000000000000000000000000000000011111111111111111110000000000001
000000000000000000111111111111111111111111111111111111110000000000000000000000000000000000000000000000000000000000111111111111111111111100000000000001
000000000000000000111111111111111111111111111111111111100000000000000000000000000000000000000000000000000000001111111111111111111111111000000000000001
000000000000000000011111111111111111111111111111111111110000000000000000000000000000000000000000000000000011111111111111111111111111110000000000000001
000000000000000000011111111111111111111111111111111111110000000000000000000000000000000000000000000000011111111111111111111111111111000000000000000001
100000000000000000001111111111111111111111111111111111110000000000000000000000000000000000000000000011111111111111111111111111111000000000000000000001
000000000000000000000111111111111111111111111111111111111000000000000000011111111111111111000000001111111111111111111111111111100000000000000000000001
000000111111111111111000000001111111111111111111111111111000000111111111111111111111111111111111111111111111111111111111111100000000000000000000000001
000011111111111111111111111111111111110001111111111111100111111111111111111111111111111111111111111111111111111111111111100000000000000000000000000001
000001111111111111111111111111111111111111111111000011111111111111111111111111111111111111111111111111111111111001111110000000000000000000000000000001
000000111111111111111111111111111111111111111111111111111111111111111111111111111111111111111111111111111111111111111000000000000000000000000111111111
000000011111111111111111111111111111111111111111111111111111111111111111111111111111111111111111111111111111111111111111100000000000000000111111111111
111000000111111111111111111111111111111111111111111111111111111111111111111111111111111111111111111111111111100000111111111110000000000011111111111111
111111110001111111111111111111111101111111111111111111111111111111111111111111111111111111111111111100111111111000000001111111111000001111111111111111
111111111111100111111111111111001111111111111111111111111111111111111111111111111111111111111111111111110000000000000000000011111111101111111111111111
111111111111111100100000111001111111111111001101111111111111111111111111111111111111111111111111111111111111110000000000000000111111111101111111111111
111111111111111111101000011111111111110111111011111111111111111111111111111111111111111111111111111111111111111111111111110011111111111111101111111111
111111111111111111110011111111111100011111001111111111111111111111111111111111111111111111111111111111111111111111111111111111111111111111111101111111
111111111111111111011111111111100001111000111111111111111111111111111111000001111111111111111111111111111111111111111111111111111111111111111111101111
111111111111111011111111111100000000000111111111111111111111111111111111111111111111111111111111111111111111111111111111111111111111111111111111111111
111111111111011111111111110000000000111111111111111111111111111111111111111111111111111111111111111111111111111111111111111111111111111111111111111111
111111111101111111111111000000000111111111111111111111111111111111111111111000111111111111111111111111111111111111111111111111111111111111110111111111
111111101111111111111110000000111111111111111111111111111111111111111110100000000000011111111111111111111111111111111111111111111111111111101111111111
111111111111111111111100011111111111111111111111111111111111111111110000000000000000000001100011111111111111111111111111111111111111111110111111111111
110111111111111111111111111111111111111111111111111111111111111100000000000000000000000011111111111111110000011111111111111111111000111111111111110001
011111111111111111111111111111111111111111111111111111111111011110000000000000000000000111111111111111111111111111111111111111111111111111111000000001
111111111111111111111111111111111111111111111111111111101111111111100000000000000001111111111111111111111111111111111111111111111111111111000000000001
111111111111111111111111111111111111111111111111111011111111111111111111111111111111111111111111111111111111111111111111111111111111111000000000000001
111111111111111111111111111111111111111111111101111111111111111111111111111111111111111111111111111111111111111111111111111111111111100000000000000001
011111110111111111111111111111111111111100111111111111111111111111111111111111111111111111111111111111111111111111111111111111111110000000000000000001
000000011101111111111111111111111001111111111111111111111111111111111111111111111111111111111111111111111111111111111111111111111000000000000000000001
000000000001110000110000001111111111111111111111111111111111111111111111111111111111111111111111111111111111111111111111111111110000000000000000001111
000000000000001111111111111111111111111111111111111111111111111111111111111111111111111111111111111111111111111111111111111111100000000000000001101111
100000000000000001111111111111111111111111111111111111111111111111111111111111111111111111111111111111111111111111111111111111000000000000000111111111
111000000000000000001111111111111111111111111111111111111111111111111111111111111111111111111111111111111111111111111111111111000000000000111101111111
111110000000000000000011111111111111111111111111111111111111111111111111111111111111111111111111111111111111111111111111111111110000001111110111111111
111111100000000000000000111111111111111111111111111111111111111111111111111111111111111111111111111111111111111111111111111111111111111111011111111111
111111111100000000000000001111111111111111111111111111111111111111111111111111111111111111111111111111111111111111111111111111111111111101111111111111
111111111111000000000000000111111111111111111111111111111111111111111111111111111111111111111111111111111111111111111111111111111111110111111111111111
111111111111111000000000000011111111111111111111111111111111111111111111111111111111111111111111111111111111111111111111111111111111101111111111111101
111111111111111111111100001111111111111111111111111111111111111111111111111111111111111111111111111111111111111111111111111111111100111111111111111111
111111111111111111110111111111111111111111111111111111111111111111111111111111111111111111111111111111111111111111111111111111111011111111111111111111
011111111111111111111110111111111111111111111111111111111111111111111111111111111111111111111111111111111111111111111111111011101111111111111111011111
110111111111111111111111110111111111111111111111111111111111111111111111111111111111111111111111111111111111111111111011111100111111111111111110111111
111111111111111111111111111110111111111111111111111111111111111111111111111111111111111111111111111111111111111111111111100011111111111111111010011111
111111111111111111111111111111110011111111111111111111111111111111111111111111111111111111111111111111111111111111111111011111111111111111110101111111
111111111111111111111111111111111111011111111111111111111111111111111111111111111111111111111111111111111111111111111101111111111111111111111111111111
111111111111111111111111111111111111111001111111111111111111111111111111111111111111111111111111111111111111111111110111111111111111111110111111110111
111111111111011111111111111111111111111111101111111111111111111111111111111111111111111111111111111111111111111111111111111111111111111101111000011111
111111111111110111111111111111111111111111111111111111111111111111111111111111111111111111111111111111111111111111111111111111111111110101111111111111
111111111111111111111111111111111111111111111111111111111111111111111111111111111111111111111111111111111111111111111111111111111111111110111111111111
111111111111111111101111111111111111111111111111111111111111111111111111111111111111111111111111111111111111111111111111111111111110111111111111111111
111111111111111111111101111111111111111111111111111111111111111111111111111111111111111111111111111111111111111111111111111111111010111111011111111111
111111111111111111111111011111111111111111111111111111111111111111111111111111111111111111111101111111111111111111111111111101100111111111101111111111
111111111111111111111111111011111011111111111111111111111111111111111111111111111111111111111111111111111111111111111111111110001111110111110111111111
111111111111111111111111111110111111111111111111111111111111111111111111111111111111111111111111111111111111111111111111111110101110111111001111111111
111111111111111111111111111111110111111111111111111111111111111111111111111111111111111111111111111111111111111111111111111111110111111011111011111111
111111111111111111111111111111110111111111111111111111111111111111111111111111111111111111111111111111111111111111111111111111111110111110111101111111
111111111111111111111111111111111111111111111111111111111111111111111111111111111111111111111111111111111111111111111111111111111110111111111110111111
111111111111111111111111111111101111111111111111111111111111111111111111111111111111111111111111111111111111111111111111111111111111001010011111111111
100000000000000000000000000000000000000000000000000000000000000000000000000000000000000000000000000000000000000000000000000000000000000000000000000000