000000000000000000111111111111111111111111111111111111110000000000000000000000000000000000000000000000000000000000000000001111111111111110000000000000
000000000000000000111111111111111111111111111111111111110000000000000000000000000000000000000000000000000000000000000011111111111111111100000000000000
000000000000000000111111111111111111111111111111111111111000000000000000000000000000000000000000000000000000000000111111111111111111111000000000000000
000000000000000000111111111111111111111111111111111111110000000000000000000000000000000000000000000000000000000111111111111111111111111000000000000000
000000000000000000011111111111111111111111111111111111110000000000000000000000000000000000000000000000000001111111111111111111111111110000000000000000
000000000000000000011111111111111111111111111111111111110000000000000000000000000000000000000000000000001111111111111111111111111111100000000000000000
000000000000000000001111111111111111111111111111111111111000000000000000000000000000000000000000000001111111111111111111111111111110000000000000000000
000011111111111110000001111111111111111111111111111111111000000000000000001111111111111000000000000111111111111111111111111111110000000000000000000000
000001111111111111111111111111110000111111111111111111111000000001111111111111111111111111111111111111111111111111111111111111000000000000000000000000
000000111111111111111111111111111111111110001111111111111001111111111111111111111111111111111111111111111111111111111111111000000000000000000000000000
000000011111111111111111111111111111111111111111100100111111111111111111111111111111111111111111111111111111111111111111100000000000000000000000000000
000000001111111111111111111111111111111111111111111111111111111111111111111111111111111111111111111111111111110010110100000000000000000000000000001000
110000000011111111111111111111111111111111111111111111111111111111111111111111111111111111111111111111111111111111000000000000000000000000000111111111
111111000000111111111111111111111111111111111111111111111111111111111111111111111111111111111111111111111111111111111100000000000000000000111111111111
111111111100001111111111111111111111111111111111111111111111111111111111111111111111111111111111110111111111000001111111110000000000000011111111111111
111111111111001001111111111111111111011111111111111111111111111111111111111111111111111111111111111001111111111000000011111111000000000111111111111111
111111111111110000000001111111111011111111111111111111111111111111111111111111111111111111111111111111000001100000000000001111111000011111111111111111
111111111111110000000000010000011111111111101111111111111111111111111111111111111111111111111111111111111100000000000000000011111111101111111111111111
111111111111111111000100001011111111111011111110111111111111111111111111111111111111111111111111111111111111111000000000000011111111111101111111111111
111111111111111111110100011111111111001111111001111111111111111111111111111111111111111111111111111111111111111111111111111111111111111111101111111111
111111111111111111111011111111111000011111000111111111111111111111111111111111111111111111111111111111111111111111111111111111111111111111111101111111
111111111111111111101111111111100000000000011111111111111111111111111111100000111111111111111111111111111111111111111111111111111111111111111111101111
111111111111111101111111111110000000000001111111111111111111111111111111111111111111111111111111111111111111111111111111111111111111111111111111111111
111111111111110111111111111100000000001111111111111111111111111111111111111111111111111111111111111111111111111111111111111111111111111111101111111111
111111111110111111111111111000000001111111111111111111111111111111111111110000111111111111111111111111111111111111111111111111111111111111111111111111
111111111011111111111111110000001111111111111111111111111111111111111110000000000000001111111111111111111111111111111111111111111111111110111111111111
111111111111111111111111111111111111111111111111111111111111111111100000000000000000001111110001111111111111111111111111111111111111101111111111000000
111101111111111111111111111111111111111111111111111111111111111011100000000000000000011111111111111111111000000111111111111100011111111111110000000000
111111111111111111111111111111111111111111111111111111111110111111111000000000000001111111111111111111111111111111111111111111111111111100000000000000
111111111110111111111111111111111111111111111111111111011111111111111111000000001111111111111111111111111111111111111111111111111111110000000000000000
011111111111111111111111111111111111111111111111100111111111111111111111111111111111111111111111111111111111111111111111111111111110000000000000000000
100000111111011111111111111111111111111111110011111111111111111111111111111111111111111111111111111111111111111111111111111111111000000000000000000000
110000000001110111111111111111111111110011111111111111111111111111111111111111111111111111111111111111111111111111111111111111110000000000000000000001
110000000000000111000111111100001111111111111111111111111111111111111111111111111111111111111111111111111111111111111111111111100000000000000000000111
110000000000000000111111111111111111111111111111111111111111111111111111111111111111111111111111111111111111111111111111111111000000000000000000101111
111100000000000000000111111111111111111111111111111111111111111111111111111111111111111111111111111111111111111111111111111111000000000000000110111111
111111000000000000000001111111111111111111111111111111111111111111111111111111111111111111111111111111111111111111111111111111000000000000111011111111
111111100000000000000000011111111111111111111111111111111111111111111111111111111111111111111111111111111111111111111111111111110000001111111111111111
111111111100000000000000000111111111111111111111111111111111111111111111111111111111111111111111111111111111111111111111111111111111111110011111111111
111111111111000000000000000011111111111111111111111111111111111111111111111111111111111111111111111111111111111111111111111111111111111101111111111111
111111111111110000000000000001111111111111111111111111111111111111111111111111111111111111111111111111111111111111111111111111111111110111111111111110
111111111111111101100000000001111111111111111111111111111111111111111111111111111111111111111111111111111111111111111111111111111111011111111111111111
111111111111111111101111111111111111111111111111111111111111111111111111111111111111111111111111111111111111111111111111111111110000111111111111111111
111111111111111111111011111111111111111111111111111111111111111111111111111111111111111111111111111111111111111111111111111111100111111111111111111111
111011111111111111111111011111111111111111111111111111111111111111111111111111111111111111111111111111111111111111111111111011011111111111111111011111
111111111111111111111111111011111111111111111111111111111111111111111111111111111111111111111111111111111111111111111111111101111111111111111110111001
111111011111111111111111111111001111111111111111111111111111111111111111111111111111111111111111111111111111111111111111110111111111111111111001111111
111111111111111111111111111111111001111111111111111111111111111111111111111111111111111111111111111111111111111111111110011111111111111111110111111111
111111111111111111111111111111111111100111111111111111111111111111111111111111111111111111111111111111111111111111111011111111111111111111110111111111
111111111110111111111111111111111111111100011111111111111111111111111111111111111111111111111111111111111111111111001111111111111111111110110011010001
111111111111101111111111111111111111111111111001111111111111111111111111111111111111111111111111111111111111111111111111111111111111111110000111111111
111111111111111011111111111111111111111111111111111111111111111111111111111111111111111111111111111111111111111111111111111111111111110111111111111111
111111111111111110111111111111111111111111111111111111111111111111111111111111111111111111111111111111111111111111111111111111111111000101111111111111
111111111111111111111111111111111111111111111111111111111111111111111111111111111111111111111111111111111111111111111111111111111110011110111111111111
111111111111111111111101111111111111111111111111111111111111111111111111111111111111111111111111110111111111111111111111111111100001111011111111111111
111111111111111111111111011111111111111111111111111111111111111111111111111111111111111111111010111111111111111111111111111101000111111111011111111111
111111111111111111111111110011111111111111111111111111111111111111111111111111111111111111111111111111111111111111111111111101011101111111101111111111
111111111111111111111111111110111101111111111111111111111111111111111111111111111111111111111111111111111111111111111111111111101101101110011111111111
111111111111111111111111111111110101111111111111111111111111111111111111111111111111111111111111111111111111111111111111111110110011011111110111111111
111111111111111111111111111111111111111111111111111111111111111111111111111111111111111111111111111111111111111111111111111110111010101100010011111111
111111111111111111111111111111111111111111111111111111111111111111111111111111111111111111111111111111111111111111111111111111111100100110011111111111
111111111111111111111111111111111111111111111111111111111111111111111111111111111111111111111111111111111111111111111111111111111110001101111001111111
111111111111111111111111111111111111111111111111111111111111111111111111111111111111111111111111111111111111111111111111111111111111000001101100111111
