000000000000000000111111111111111111111111111111111111100000000000000000000000000000000000000000000000000000000000000000000000011111111111100000000000
000000000000000000111111111111111111111111111111111111110000000000000000000000000000000000000000000000000000000000000000001111111111111111000000000000
000000000000000000111111111111111111111111111111111111111000000000000000000000000000000000000000000000000000000000000011111111111111111111000000000000
000000000000000000111111111111111111111111111111111111110000000000000000000000000000000000000000000000000000000000111111111111111111111110000000000000
000000000000000000011111111111111111111111111111111111110000000000000000000000000000000000000000000000000000001111111111111111111111111100000000000000
000000000000000000011111111111111111111111111111111111110000000000000000000000000000000000000000000000000001111111111111111111111111111000000000000000
000000000000000000011111111111111111111111111111111111110000000000000000000000000000000000000000000000011111111111111111111111111111000000000000000000
000000000000000000001111111111111111111111111111111111111000000000000000000000000000000000000000000001111111111111111111111111111100000000000000000000
000010000000000000000111111111111111111111111111111111111000000000010000111111111111111111110000101111111111111111111111111111110000000000000000000000
000011111111111111111111000000111111111111111111111111111000000111111111111111111111111111111111111111111111111111111111111110000000000000000000000000
000011111111111111111111111111111111111000111111111111100111111111111111111111111111111111111111111111111111111111111111110000000000000000000000000000
000001111111111111111111111111111111111111111111100011111111111111111111111111111111111111111111111111111111111100111100000000000000000000000000000100
000000111111111111111111111111111111111111111111111111111111111111111111111111111111111111111111111111111111111111111000000000000000000000000011111111
000000011111111111111111111111111111111111111111111111111111111111111111111111111111111111111111111111111111111111111111110000000000000000011111111111
111000000111111111111111111111111111111111111111111111111111111111111111111111111111111111111111111111111111110000011111111111000000000011111111111111
111111110001111111111111111111111101111111111111111111111111111111111111111111111111111111111111111100011111111000000000111111111100000111111111111111
111111111111100011111111111111101111111111111111111111111111111111111111111111111111111111111111111111110000000000000000000011111111110111111111111111
111111111111111100000000111001111111111111001101111111111111111111111111111111111111111111111111111111111111110000000000000000011111111110111111111111
111111111111111111001100001111111111110011111011111111111111111111111111111111111111111111111111111111111111111111111111110001111111111111110111111111
111111111111111111111001111111111100011111100111111111111111111111111111111111111111111111111111111111111111111111111111111111111111111111111110111111
111111111111111111011111111111100000111100111111111111111111111111111111100000001111111111111111111111111111111111111111111111111111111111111111110111
111111111111111011111111111100000000000011111111111111111111111111111100000000000000011111111111111111111111111111111111111111111111111111111111111111
111111111111101111111111110000000000011111111111111111111111111111110000000000000000000111111111111111111111111111111111111111111111111111111111111111
111111111101111111111111000000000011111111111111111111111111111111000000000000000000000011111111111111111111111111111111111111111111111111111011111111
111111101111111111111110000000111111111111111111111111111111111111000000000000000000000001111111111111111111111111111111111111111111111111110111111111
111110111111111111111110001111111111111111111111111111111111111110000000000000000000000001100011111111111111111111111111111111111111111111011111111111
110111111111111111111111111111111111111111111111111111111111111100000000000000000000000111111111111111110000111111111111111111111100001111111111111000
011111111111111111111111111111111111111111111111111111111111011111111111111111111111111111111111111111111111111111111111111111111111111111111100000000
111111111111111111111111111111111111111111111111111111110111111111111111111111111111111111111111111111111111111111111111111111111111111111100000000000
111111111111111111111111111111111111111111111111111001111111111111111111111111111111111111111111111111111111111111111111111111111111111100000000000000
111111111111111111111111111111111111111111111110111111111111111111111111111111111111111111111111111111111111111111111111111111111111100000000000000000
111111110111111111111111111111111111111110011111111111111111111111111111111111111111111111111111111111111111111111111111111111111111000000000000000000
000000111101111111111111111111111100111111111111111111111111111111111111111111111111111111111111111111111111111111111111111111111100000000000000000000
000000000001100011111111000001111111111111111111111111111111111111111111111111111111111111111111111111111111111111111111111111111000000000000000000111
000000000000001111111111111111111111111111111111111111111111111111111111111111111111111111111111111111111111111111111111111111110000000000000000010111
100000000000000001111111111111111111111111111111111111111111111111111111111111111111111111111111111111111111111111111111111111100000000000000011111111
111000000000000000001111111111111111111111111111111111111111111111111111111111111111111111111111111111111111111111111111111111100000000000011110111111
111110000000000000000011111111111111111111111111111111111111111111111111111111111111111111111111111111111111111111111111111111110000000111111011111111
111111100000000000000000111111111111111111111111111111111111111111111111111111111111111111111111111111111111111111111111111111111111111111101111111111
111111111000000000000000001111111111111111111111111111111111111111111111111111111111111111111111111111111111111111111111111111111111111110011111111111
111111111111000000000000000111111111111111111111111111111111111111111111111111111111111111111111111111111111111111111111111111111111111111111111111111
111111111111110000000000000011111111111111111111111111111111111111111111111111111111111111111111111111111111111111111111111111111111110111111111111110
111111111111111110111000000111111111111111111111111111111111111111111111111111111111111111111111111111111111111111111111111111111111011111111111111111
111111111111111111110111111111111111111111111111111111111111111111111111111111111111111111111111111111111111111111111111111111111101111111111111111111
011111111111111111111110111111111111111111111111111111111111111111111111111111111111111111111111111111111111111111111111111111110111111111111111101111
111111111111111111111111110111111111111111111111111111111111111111111111111111111111111111111111111111111111111111111111111111011111111111111111011111
111111111111111111111111111110111111111111111111111111111111111111111111111111111111111111111111111111111111111111111111111101111111111111111111101110
111110111111111111111111111111110011111111111111111111111111111111111111111111111111111111111111111111111111111111111111100111111111111111111011111111
111111101111111111111111111111111110011111111111111111111111111111111111111111111111111111111111111111111111101111111110011111111111111111110111010011
111111111011111111111111111111111111110011111111111111111111111111111111111111111111111111111111111111111111111101111011111111111111111111011011011111
111111111110111111111111111111111111111111001111111111111111111111111111111111111111111111111111111111111111111111111111111111111111111110101101100011
111111111111111111111111111111111111111111111111111111111111111111111111111111111111011111111111111111111111101111111111111111111111111000111111111111
111111111111111101111111111111111111111111111111111111111111111111111111111111111111111111111111111111111111111111111111111111111111110000111111111111
111111111111111111011111111111111111111111111111111111111111111111111111111111111111111111111011111111111111111111111111111111111111011111011111111111
111111111111111111111011111111111111111111111111111111111111111111111111111111111111111111111111111111111111111111111111111111111100111110001111111111
111111111111111111111110111111111111111111111111111111111111111111111111111111111111111111111011111111111111111111111111111110101011111111111111111111
111111111111111111111111110111111111111111111111111111111111111111111111111111111111111111111111111111111111111111111111111110101110111111110111111111
111111111111111111111111111110111111111111111111111111111111111111111111111111111111111111011111111111111111111111111111111111111110111111111011111111
111111111111111111111111111111100111111111111111111111111111111111111111111111111111111111111111111111111111111111111111111111111011111111111101111111
111111111111111111111111111111111111111111111111111111111111111111111111111111111111111111111111111111111111111111111111111111111101011011111001111111
111111111111111111111111111111110111111111111111111111111111111111111111111111111111111111111111111111111111111111111111111111111110101111111110111111
111111111111111111111111111111111111111111111111111111111111111111111111111111111111111111111111111111111111111111111111111111111111010111000001011111
111111111111111111111111111111111111111111111111111111111111111111111111111111111111111111111111111111111111111111111111111111111111101111101010001111
